25000 0.000000 0.003000
50000 0.001000 0.006000
75000 0.001000 0.009000
100000 0.001000 0.023000
125000 0.002000 0.016000
150000 0.002000 0.018000
175000 0.002000 0.021000
200000 0.002000 0.024000
225000 0.003000 0.025000
250000 0.003000 0.029000
275000 0.004000 0.042000
300000 0.004000 0.035000
325000 0.004000 0.038000
350000 0.004000 0.039000
375000 0.005000 0.043000
400000 0.006000 0.045000
425000 0.006000 0.050000
450000 0.006000 0.053000
475000 0.006000 0.054000
500000 0.006000 0.056000
